29,3
29,2
29,1
29,0
28,3
28,2
28,1
28,0
27,3
27,2
27,1
27,0
26,3
26,2
26,1
26,0
25,3
25,2
25,1
25,0
24,3
24,2
24,1
24,0
23,3
23,2
23,1
23,0
22,3
22,2
22,1
22,0
21,3
21,2
21,1
21,0
20,2
17,4
17,3
17,2
17,1
17,0
16,4
16,3
16,2
16,1
16,0
15,2
4,3
4,2
4,1
4,0
3,6
3,5
3,4
3,3
3,2
3,1
3,0
2,2
1,2
0,436
0,427
0,422
0,416
2,1
0,408
0,404
2,3
0,397
2,0
0,395
1,1
0,389
0,385
1,3
0,384
1,0
0,383
15,1
0,381
15,3
0,379
15,0
0,322
20,1
0,243
20,3
20,0
0,9
0,310
0,305
0,308
0,304
0,303
0,302
0,307
0,12
0,10
0,8
0,0
0,341
0,300
0,390
0,299
0,446
0,298
0,356
0,297
0,425
0,296
0,400
0,295
0,445
0,294
0,417
0,293
0,292
0,360
0,291
0,325
0,290
0,326
0,289
0,418
0,288
0,339
0,287
0,286
0,331
0,285
0,309
0,284
0,324
0,283
0,443
0,282
0,398
0,281
0,435
0,280
0,351
0,279
0,319
0,278
0,323
0,277
0,321
0,276
0,409
0,275
0,442
0,274
0,423
0,273
0,419
0,272
0,354
0,271
0,440
0,270
0,349
0,269
0,432
0,268
0,399
0,267
0,437
0,266
0,345
0,265
0,342
0,264
0,352
0,263
0,420
0,262
0,371
0,261
0,434
0,260
0,429
0,259
0,315
0,258
0,327
0,257
0,431
0,256
0,333
0,255
0,415
0,254
0,370
0,253
0,252
0,396
0,251
0,355
0,250
0,424
0,249
0,347
0,248
0,301
0,247
0,313
0,246
0,374
0,245
0,386
0,244
0,348
0,242
0,421
0,241
0,318
0,240
0,414
0,239
0,336
0,238
0,343
0,237
0,334
0,236
0,430
0,235
0,407
0,234
0,332
0,233
0,344
0,232
0,428
0,231
0,362
0,230
0,410
0,229
0,338
0,228
0,367
0,227
0,388
0,226
0,406
0,225
0,353
0,224
0,382
0,223
0,378
0,222
0,320
0,221
0,361
0,220
0,426
0,219
0,405
0,218
0,403
0,217
0,447
0,216
0,392
0,215
0,317
0,214
0,394
0,213
0,316
0,212
0,330
0,211
0,314
0,210
0,376
0,209
0,380
0,208
0,441
0,207
0,391
0,206
0,387
0,205
0,377
0,204
0,373
0,203
0,444
0,202
0,372
0,201
0,375
0,200
0,402
0,199
0,413
0,198
0,311
0,197
0,439
0,196
0,350
0,195
0,337
0,194
0,193
0,363
0,192
0,433
0,63
0,312
0,62
0,369
0,61
0,359
0,60
0,401
0,364
0,59
0,358
0,58
0,329
0,57
0,368
0,56
0,340
0,55
0,366
0,54
0,357
0,53
0,412
0,52
0,346
0,51
0,365
0,50
0,306
0,49
0,411
0,48
0,438
0,47
0,393
0,46
0,328
0,45
0,335
0,6
0,5
0,1
0,11
0,4
0,2
0,3
0,7
